100
1.874798
0.6053496
0.9712298
6.647751
0.7508169
2.21534
2.066932
0.3793878
3.188098
0.769681
0.9909008
0.1588306
NaN
3.398674
1.083273
1.672463
3.66404
0.06028185
0.6036987
1.388228
0.0222383
0.03142066
0.5776543
0.7001059
0.05717426
NaN
0.7109935
0.6112268
0.2109661
1.020281
0.3590637
0.8009149
0.08208787
0.1703221
0.01319066
NaN
0.8376605
0.125192
0.2270955
2.856322
NaN
0.6485833
0.1611307
NaN
0.1192233
2.829063
2.365367
1.964857
NaN
0.6347309
2.013346
0.9969582
0.3005167
0.6678254
NaN
0.783539
0.08449999
NaN
1.580251
NaN
0.05549351
0.5379626
1.136528
0.892237
2.319989
1.638106
NaN
2.815552
NaN
0.7533784
1.22014
0.05259985
NaN
4.518133
0.4826319
0.4359176
NaN
1.420569
0.6503752
0.4659705
1.877074
NaN
NaN
0.184302
0.5265317
NaN
NaN
0.5058404
NaN
0.2309418
0.2018497
NaN
0.02932576
2.561218
NaN
1.634408
0.146308
1.726249
0.2667938
0.117784
20
1
1
2
1
1
1
1
1
1
1
1
1
1
1
1
1
1
1
1
1
1
1
1
1
1
1
1
1
1
1
1
1
1
1
1
1
1
1
1
1
1
1
1
1
1
1
1
1
1
1
1
1
1
1
1
1
1
1
1
1
1
1
1
1
1
1
1
1
1
1
1
1
1
1
1
1
1
1
1
1
1
1
1
1
1
1
1
1
1
1
1
1
1
1
1
1
1
1
1
1
1
1
1
1
